184
87.5756454467773
91.0341186523438
92.6968612670898
92.6968612670898
94.8246154785156
98.0937881469727
102.320594787598
106.676551818848
111.014183044434
114.099723815918
117.200347900391
119.474189758301
122.051887512207
123.665145874023
126.219512939453
127.932434082031
129.853942871094
131.425979614258
132.92497253418
134.288787841797
135.728729248047
136.814224243164
137.531646728516
138.123931884766
138.644302368164
138.995483398438
139.245071411133
139.245071411133
139.491287231445
139.643203735352
139.702590942383
140.366180419922
140.456787109375
141.064468383789
140.924163818359
140.779983520508
140.557235717773
140.351333618164
140.213394165039
140.246292114258
140.198211669922
140.057418823242
139.933166503906
139.822174072266
139.703063964844
139.594787597656
139.520080566406
139.520080566406
139.418060302734
139.418060302734
139.334136962891
139.406478881836
139.411666870117
139.377624511719
139.463424682617
139.512420654297
139.590942382813
139.796905517578
140.870025634766
142.078536987305
144.009353637695
146.282089233398
148.639099121094
151.069091796875
151.069091796875
155.929840087891
155.929840087891
160.811065673828
162.782836914063
165.037750244141
165.037750244141
167.056289672852
169.477935791016
172.176620483398
174.753356933594
176.989624023438
179.578231811523
182.24365234375
184.516220092773
186.427947998047
188.404342651367
190.735961914063
192.253524780273
193.848556518555
195.344711303711
196.452590942383
197.225280761719
197.832153320313
197.832153320313
198.804962158203
199.142990112305
199.384368896484
199.384368896484
199.603485107422
199.67057800293
199.784515380859
199.866729736328
200.040115356445
199.956726074219
199.9765625
200.0087890625
200.273391723633
200.594192504883
200.944747924805
201.341690063477
201.972274780273
202.666534423828
202.666534423828
204.023696899414
204.611526489258
205.860336303711
206.897399902344
208.177612304688
208.177612304688
209.772659301758
210.971252441406
212.774719238281
215.063903808594
216.832077026367
218.782379150391
221.361526489258
224.25602722168
227.281372070313
230.616302490234
234.167251586914
237.424545288086
241.237091064453
243.97216796875
247.231872558594
250.031326293945
252.535018920898
255.359375
257.832885742188
259.102386474609
259.102386474609
262.039245605469
262.039245605469
263.314819335938
263.314819335938
264.203491210938
264.880035400391
265.753356933594
267.668304443359
267.473297119141
266.674652099609
266.277465820313
265.947784423828
265.269958496094
265.249389648438
266.294982910156
267.856719970703
268.372497558594
268.372497558594
268.365234375
268.365234375
267.77685546875
268.134735107422
268.581115722656
268.581115722656
268.40380859375
268.40380859375
268.58740234375
267.869781494141
267.931396484375
268.9033203125
268.9765625
269.798400878906
269.798400878906
273.489929199219
274.467803955078
274.917907714844
274.917907714844
279.087951660156
280.559356689453
280.559356689453
280.619018554688
279.938232421875
279.518676757813
277.886260986328
276.433380126953
274.889678955078
272.750335693359
269.227569580078
265.531616210938
Times
0.0165670067071915
0.0331337042152882
0.0499556493014097
0.0662906114012003
0.0828334856778383
0.0993998739868402
0.116294216364622
0.133292205631733
0.149298902601004
0.165673466399312
0.182440958917141
0.199550019577146
0.215367060154676
0.232070818543434
0.248500145971775
0.265067461878061
0.281633540987968
0.29820054769516
0.314766626805067
0.331333942711353
0.347902495414019
0.364571291953325
0.381034033372998
0.397601967677474
0.414166498929262
0.430733505636454
0.447300512343645
0.464583760127425
0.480583650991321
0.497000293806195
0.513949709013104
0.530156273394823
0.546700075268745
0.563267700374126
0.579834397882223
0.59640016593039
0.613139502704144
0.629534177482128
0.646099945530295
0.662666952237487
0.679233958944678
0.695800038054585
0.712366735562682
0.729150315746665
0.745653588324785
0.762067135423422
0.778633523732424
0.795356463640928
0.811769083142281
0.828335780650377
0.844900311902165
0.861466700211167
0.878376822918653
0.894603807479143
0.911167720332742
0.928115587681532
0.944625975564122
0.960866264998913
0.977434199303389
0.994112277403474
1.01056697405875
1.02713398076594
1.04370036907494
1.06026737578213
1.07683345489204
1.09340107999742
1.10996684804559
1.12663193233311
1.14314108155668
1.15966662950814
1.17623394541442
1.19280064292252
1.20936703123152
1.22602376155555
1.24250506609678
1.25906928814948
1.2760019954294
1.29220453836024
1.30899028480053
1.32548891566694
1.34190462902188
1.35855300538242
1.37503369152546
1.39160007983446
1.40816677734256
1.42473409324884
1.44149137474597
1.4578696526587
1.4744335655123
1.4910002630204
1.5075663421303
1.52413396723568
1.54070066474378
1.55726674385369
1.57401876710355
1.59051244705915
1.60750208236277
1.62353353202343
1.64017881453037
1.65668239630759
1.67323393374681
1.68980032205582
1.70662443339825
1.72317101992667
1.73961952887475
1.75606680102646
1.77263349853456
1.78920081444085
1.80576720274985
1.82233390025795
1.83890028856695
1.85562075302005
1.87203522957861
1.88862203620374
1.90516707487404
1.92173377238214
1.93830046989024
1.954869331792
1.9714332446456
1.98800396360457
2.00462201982737
2.02113457396626
2.03770096227527
2.05426704138517
2.07111961580813
2.08762412518263
2.10396682284772
2.12053321115673
2.13727100193501
2.15378293581307
2.17023361101747
2.18705338984728
2.2033809274435
2.21993370167911
2.23650039918721
2.2530670966953
2.26963348500431
2.2862001825124
2.30301470309496
2.3193332683295
2.33590027503669
2.35252606496215
2.38019900210202
2.39676755480468
2.41352359950542
2.42990125715733
2.44646702520549
2.46303403191268
2.47960320487618
2.49616773612797
2.51273412443697
2.52930082194507
2.54586813785136
2.56251929886639
2.57954049296677
2.59556761011481
2.61213430762291
2.6287040989846
2.64531039819121
2.66222361475229
2.67846854403615
2.69501729682088
2.71153449080884
2.72810428217053
2.7446672655642
2.7612339630723
2.77780127897859
2.79451772198081
2.81093869544566
2.82750044204295
2.84406713955104
2.86064868792892
2.87720084376633
2.89376754127443
2.91051770746708
2.92702128924429
2.94347103685141
2.96003402024508
2.97660102695227
2.99316865205765
3.01018613390625
3.02719154767692
3.04294114001095
3.05944472178817
